%YAML:1.0
transform_matrix: !!opencv-matrix
   rows: 3
   cols: 3
   dt: d
   data: [ 1.1436613886188554e+00, 1.1887914337905406e-01,
       -6.2343084693279127e+02, 2.6073282193910280e-02,
       1.3630532524705579e+00, -5.5023316523216579e+01,
       2.6585897218903045e-05, 2.7798138888501063e-04, 1. ]
