%YAML:1.0
AllObjects:
   - { Contour:[ 484, 467, 481, 470, 480, 470, 478, 472, 477, 472, 472,
       477, 471, 477, 467, 481, 466, 481, 464, 483, 463, 483, 458, 488,
       457, 488, 453, 492, 452, 492, 449, 495, 448, 495, 445, 498, 444,
       498, 439, 503, 438, 503, 435, 506, 434, 506, 430, 510, 429, 510,
       425, 514, 424, 514, 422, 516, 421, 516, 416, 521, 415, 521, 412,
       524, 411, 524, 407, 528, 406, 528, 402, 532, 401, 532, 398, 535,
       397, 535, 394, 538, 393, 538, 390, 541, 389, 541, 385, 545, 384,
       545, 380, 549, 379, 549, 375, 553, 374, 553, 370, 557, 369, 557,
       367, 559, 366, 559, 363, 562, 362, 562, 358, 566, 357, 566, 354,
       569, 353, 569, 349, 573, 348, 573, 344, 577, 343, 577, 340, 580,
       339, 580, 336, 583, 335, 583, 334, 584, 333, 584, 328, 579, 328,
       578, 324, 574, 324, 573, 320, 569, 320, 568, 317, 565, 317, 564,
       314, 561, 314, 560, 311, 557, 311, 556, 308, 553, 308, 552, 305,
       549, 305, 548, 301, 544, 301, 543, 296, 538, 296, 537, 293, 534,
       293, 533, 290, 530, 290, 529, 285, 524, 285, 523, 281, 519, 281,
       518, 278, 515, 278, 514, 274, 510, 274, 509, 270, 505, 270, 504,
       266, 500, 266, 499, 263, 496, 263, 495, 260, 492, 260, 491, 258,
       489, 258, 488, 255, 485, 255, 484, 248, 477, 248, 476, 243, 471,
       240, 471, 239, 472, 238, 472, 236, 474, 235, 474, 231, 478, 230,
       478, 226, 482, 225, 482, 221, 486, 220, 486, 216, 490, 215, 490,
       213, 492, 212, 492, 207, 497, 206, 497, 203, 500, 202, 500, 199,
       503, 198, 503, 194, 507, 193, 507, 189, 511, 188, 511, 184, 515,
       183, 515, 179, 519, 178, 519, 174, 523, 173, 523, 170, 526, 169,
       526, 165, 530, 164, 530, 161, 533, 160, 533, 156, 537, 155, 537,
       151, 541, 150, 541, 147, 544, 146, 544, 142, 548, 141, 548, 137,
       552, 136, 552, 133, 555, 132, 555, 128, 559, 127, 559, 123, 563,
       122, 563, 118, 567, 117, 567, 114, 570, 113, 570, 109, 574, 108,
       574, 104, 578, 103, 578, 100, 581, 99, 581, 95, 585, 94, 585, 91,
       588, 90, 588, 86, 592, 85, 592, 82, 595, 81, 595, 77, 599, 76,
       599, 72, 603, 71, 603, 67, 607, 67, 610, 70, 613, 70, 614, 73,
       617, 73, 618, 77, 622, 77, 623, 81, 627, 81, 628, 85, 632, 85,
       633, 89, 637, 89, 638, 93, 642, 93, 643, 96, 646, 96, 647, 99,
       650, 99, 651, 103, 655, 103, 656, 106, 659, 106, 660, 110, 664,
       110, 665, 113, 668, 113, 669, 117, 673, 117, 674, 120, 677, 120,
       678, 122, 680, 122, 681, 127, 686, 127, 687, 130, 690, 130, 691,
       133, 694, 133, 695, 137, 699, 137, 700, 141, 704, 141, 705, 144,
       708, 144, 709, 148, 713, 148, 714, 151, 717, 151, 718, 156, 723,
       156, 724, 159, 727, 159, 728, 161, 730, 161, 731, 165, 735, 165,
       736, 168, 739, 168, 740, 171, 743, 171, 744, 175, 748, 175, 749,
       179, 753, 179, 754, 182, 757, 182, 758, 185, 761, 185, 762, 189,
       766, 189, 767, 193, 771, 193, 772, 195, 774, 195, 775, 198, 778,
       198, 779, 204, 785, 204, 786, 207, 789, 207, 790, 210, 793, 210,
       794, 212, 796, 212, 797, 216, 801, 216, 802, 220, 806, 220, 807,
       223, 810, 223, 811, 227, 815, 227, 816, 231, 820, 231, 821, 234,
       824, 234, 825, 237, 828, 237, 829, 242, 834, 242, 835, 245, 838,
       245, 839, 249, 843, 249, 844, 252, 847, 252, 848, 257, 853, 257,
       854, 260, 857, 260, 858, 264, 862, 264, 863, 268, 867, 268, 868,
       271, 871, 271, 872, 274, 875, 274, 876, 277, 879, 277, 880, 282,
       885, 282, 886, 285, 889, 285, 890, 289, 894, 289, 895, 293, 899,
       293, 900, 296, 903, 296, 904, 300, 908, 300, 909, 303, 912, 303,
       913, 307, 917, 307, 918, 311, 922, 311, 923, 314, 926, 314, 927,
       318, 931, 318, 932, 322, 936, 322, 937, 325, 940, 325, 941, 329,
       945, 329, 946, 332, 949, 332, 950, 336, 954, 336, 955, 339, 958,
       339, 959, 343, 963, 343, 964, 346, 967, 346, 968, 350, 972, 350,
       973, 353, 976, 353, 977, 357, 981, 357, 982, 360, 985, 360, 986,
       363, 989, 363, 990, 364, 991, 365, 991, 366, 990, 367, 990, 370,
       987, 371, 987, 376, 982, 377, 982, 380, 979, 381, 979, 385, 975,
       386, 975, 388, 973, 389, 973, 392, 970, 393, 970, 396, 967, 397,
       967, 400, 964, 401, 964, 405, 960, 406, 960, 409, 957, 410, 957,
       414, 953, 415, 953, 419, 949, 420, 949, 423, 946, 424, 946, 428,
       942, 429, 942, 432, 939, 433, 939, 437, 935, 438, 935, 441, 932,
       442, 932, 446, 928, 447, 928, 450, 925, 451, 925, 455, 921, 456,
       921, 460, 917, 461, 917, 464, 914, 465, 914, 469, 910, 470, 910,
       473, 907, 474, 907, 477, 904, 478, 904, 482, 900, 483, 900, 486,
       897, 487, 897, 491, 893, 492, 893, 495, 890, 496, 890, 499, 887,
       500, 887, 504, 883, 505, 883, 509, 879, 510, 879, 513, 876, 514,
       876, 517, 873, 518, 873, 522, 869, 523, 869, 526, 866, 527, 866,
       531, 862, 532, 862, 536, 858, 537, 858, 540, 855, 541, 855, 545,
       851, 546, 851, 552, 845, 553, 845, 557, 841, 558, 841, 563, 836,
       564, 836, 568, 832, 569, 832, 572, 829, 573, 829, 576, 826, 577,
       826, 580, 823, 581, 823, 584, 820, 585, 820, 589, 816, 590, 816,
       593, 813, 594, 813, 597, 810, 598, 810, 601, 807, 602, 807, 605,
       804, 606, 804, 610, 800, 611, 800, 614, 797, 615, 797, 619, 793,
       620, 793, 624, 789, 625, 789, 629, 785, 630, 785, 632, 783, 633,
       783, 638, 778, 639, 778, 642, 775, 643, 775, 647, 771, 648, 771,
       651, 768, 652, 768, 656, 764, 657, 764, 660, 761, 661, 761, 664,
       758, 665, 758, 669, 754, 670, 754, 674, 750, 675, 750, 679, 746,
       680, 746, 683, 743, 684, 743, 689, 738, 690, 738, 693, 735, 693,
       731, 691, 729, 691, 728, 687, 724, 687, 723, 683, 719, 683, 718,
       679, 714, 679, 713, 676, 710, 676, 709, 673, 706, 673, 705, 669,
       701, 669, 700, 665, 696, 665, 695, 662, 692, 662, 691, 658, 687,
       658, 686, 655, 683, 655, 682, 651, 678, 651, 677, 648, 674, 648,
       673, 645, 670, 645, 669, 641, 665, 641, 664, 637, 660, 637, 659,
       634, 656, 634, 655, 631, 652, 631, 651, 628, 648, 628, 647, 624,
       643, 624, 642, 620, 638, 620, 637, 617, 634, 617, 633, 618, 632,
       619, 632, 620, 633, 619, 632, 618, 632, 617, 633, 613, 629, 613,
       628, 610, 625, 610, 624, 607, 621, 607, 620, 608, 619, 609, 619,
       610, 620, 609, 619, 608, 619, 607, 620, 603, 616, 603, 615, 600,
       612, 600, 611, 596, 607, 596, 606, 592, 602, 592, 601, 589, 598,
       589, 597, 590, 596, 591, 596, 592, 597, 591, 596, 590, 596, 589,
       597, 585, 593, 585, 592, 582, 589, 582, 588, 579, 585, 579, 584,
       576, 581, 576, 580, 572, 576, 572, 575, 569, 572, 569, 571, 570,
       570, 571, 570, 572, 571, 571, 570, 570, 570, 569, 571, 565, 567,
       565, 566, 561, 562, 561, 561, 558, 558, 558, 557, 554, 553, 554,
       552, 551, 549, 551, 548, 547, 544, 547, 543, 543, 539, 543, 538,
       540, 535, 540, 534, 536, 530, 536, 529, 537, 528, 538, 528, 540,
       530, 538, 528, 537, 528, 536, 529, 532, 525, 532, 524, 529, 521,
       529, 520, 525, 516, 525, 515, 522, 512, 522, 511, 518, 507, 518,
       506, 515, 503, 515, 502, 511, 498, 511, 497, 508, 494, 508, 493,
       505, 490, 505, 489, 502, 486, 502, 485, 497, 480, 497, 479, 495,
       477, 495, 476, 492, 473, 492, 472, 490, 470, 490, 469, 488, 467 ],
       Holes:[ 391., 898., 488., 803., 368., 770., 262., 701., 433.,
       623. ] }
