%YAML:1.0
AllObjects:
   - { Contour:[ 535, 716, 534, 717, 529, 717, 526, 720, 526, 723, 525,
       724, 525, 730, 527, 730, 528, 731, 528, 732, 529, 732, 528, 731,
       528, 730, 526, 730, 525, 729, 525, 724, 526, 723, 526, 721, 528,
       719, 529, 719, 530, 720, 529, 719, 529, 718, 530, 717, 533, 717,
       534, 718, 534, 720, 528, 726, 530, 726, 531, 727, 531, 728, 532,
       729, 532, 736, 538, 736, 539, 735, 540, 735, 544, 731, 544, 730,
       545, 729, 545, 727, 544, 726, 544, 724, 543, 723, 543, 722, 540,
       719, 540, 718, 539, 717, 539, 716 ], Holes:[ 0., 0., 0., 0., 0.,
       0., 0., 0. ] }
   - { Contour:[ 932, 378, 931, 379, 931, 380, 932, 381, 932, 382, 935,
       382, 937, 380, 937, 379, 936, 378 ], Holes:[ 485., 741., 618.,
       716., 529., 624., 374., 591., 532., 496. ] }
   - { Contour:[ 932, 378, 932, 382, 935, 382, 937, 380, 937, 379, 936,
       378 ], Holes:[ 485., 741., 618., 716., 529., 624., 374., 591.,
       532., 496. ] }
   - { Contour:[ 932, 378, 931, 379, 931, 380, 932, 381, 932, 382, 935,
       382, 936, 381, 936, 380, 937, 379, 936, 379, 935, 378 ], Holes:[
       485., 741., 618., 716., 529., 624., 374., 591., 532., 496., 485.,
       741., 618., 716., 528., 624., 374., 591., 532., 496., 485., 741.,
       618., 716., 528., 624., 374., 591., 532., 496. ] }
   - { Contour:[ 932, 378, 931, 379, 931, 380, 932, 381, 932, 382, 935,
       382, 936, 381, 936, 378 ], Holes:[ 485., 741., 618., 716., 529.,
       624., 374., 591., 532., 496., 485., 741., 618., 716., 528., 624.,
       374., 591., 532., 496., 485., 741., 618., 716., 528., 624., 374.,
       591., 532., 496., 485., 741., 618., 716., 529., 624., 374., 591.,
       532., 497. ] }
   - { Contour:[ 932, 378, 932, 382, 935, 382, 936, 381, 936, 378 ],
       Holes:[ 485., 741., 618., 716., 529., 624., 374., 591., 532.,
       496., 485., 741., 618., 716., 528., 624., 374., 591., 532., 496.,
       485., 741., 618., 716., 528., 624., 374., 591., 532., 496., 485.,
       741., 618., 716., 529., 624., 374., 591., 532., 497., 485., 741.,
       618., 716., 528., 624., 374., 591., 532., 496. ] }
   - { Contour:[ 931, 378, 931, 380, 932, 381, 932, 382, 935, 382, 937,
       380, 937, 379, 936, 378 ], Holes:[ 485., 741., 618., 716., 529.,
       624., 374., 591., 532., 496., 485., 741., 618., 716., 528., 624.,
       374., 591., 532., 496., 485., 741., 618., 716., 528., 624., 374.,
       591., 532., 496., 485., 741., 618., 716., 529., 624., 374., 591.,
       532., 497., 485., 741., 618., 716., 528., 624., 374., 591., 532.,
       496., 485., 741., 618., 717., 528., 624., 373., 592., 532., 496. ] }
   - { Contour:[ 932, 378, 931, 379, 931, 380, 932, 381, 932, 382, 935,
       382, 936, 381, 936, 380, 937, 379, 936, 378 ], Holes:[ 485., 741.,
       618., 716., 529., 624., 374., 591., 532., 496., 485., 741., 618.,
       716., 528., 624., 374., 591., 532., 496., 485., 741., 618., 716.,
       528., 624., 374., 591., 532., 496., 485., 741., 618., 716., 529.,
       624., 374., 591., 532., 497., 485., 741., 618., 716., 528., 624.,
       374., 591., 532., 496., 485., 741., 618., 717., 528., 624., 373.,
       592., 532., 496., 485., 741., 618., 716., 529., 623., 374., 591.,
       532., 496. ] }
   - { Contour:[ 931, 378, 931, 379, 932, 380, 932, 382, 935, 382, 937,
       380, 937, 379, 936, 378 ], Holes:[ 485., 741., 618., 716., 529.,
       624., 374., 591., 532., 496., 485., 741., 618., 716., 528., 624.,
       374., 591., 532., 496., 485., 741., 618., 716., 528., 624., 374.,
       591., 532., 496., 485., 741., 618., 716., 529., 624., 374., 591.,
       532., 497., 485., 741., 618., 716., 528., 624., 374., 591., 532.,
       496., 485., 741., 618., 717., 528., 624., 373., 592., 532., 496.,
       485., 741., 618., 716., 529., 623., 374., 591., 532., 496., 485.,
       741., 618., 716., 529., 623., 374., 591., 532., 496., 485., 741.,
       618., 716., 528., 624., 373., 592., 532., 496. ] }
   - { Contour:[ 931, 378, 931, 381, 932, 382, 935, 382, 936, 381, 936,
       378 ], Holes:[ 485., 741., 618., 716., 529., 624., 374., 591.,
       532., 496., 485., 741., 618., 716., 528., 624., 374., 591., 532.,
       496., 485., 741., 618., 716., 528., 624., 374., 591., 532., 496.,
       485., 741., 618., 716., 529., 624., 374., 591., 532., 497., 485.,
       741., 618., 716., 528., 624., 374., 591., 532., 496., 485., 741.,
       618., 717., 528., 624., 373., 592., 532., 496., 485., 741., 618.,
       716., 529., 623., 374., 591., 532., 496., 485., 741., 618., 716.,
       529., 623., 374., 591., 532., 496., 485., 741., 618., 716., 528.,
       624., 373., 592., 532., 496., 485., 741., 618., 716., 528., 624.,
       374., 591., 532., 496., 485., 741., 618., 716., 528., 624., 374.,
       591., 532., 496., 485., 741., 618., 716., 528., 624., 374., 591.,
       532., 496., 485., 741., 617., 716., 528., 624., 373., 592., 532.,
       496., 485., 741., 617., 716., 528., 624., 373., 592., 532., 496.,
       485., 741., 617., 716., 528., 624., 373., 592., 532., 496., 485.,
       741., 618., 717., 528., 624., 372., 592., 532., 496., 485., 741.,
       618., 716., 528., 624., 373., 592., 532., 496., 485., 741., 618.,
       716., 528., 624., 373., 592., 532., 496. ] }
   - { Contour:[ 932, 378, 932, 382, 935, 382, 936, 381, 936, 380, 937,
       379, 936, 378 ], Holes:[ 485., 741., 618., 716., 529., 624., 374.,
       591., 532., 496., 485., 741., 618., 716., 528., 624., 374., 591.,
       532., 496., 485., 741., 618., 716., 528., 624., 374., 591., 532.,
       496., 485., 741., 618., 716., 529., 624., 374., 591., 532., 497.,
       485., 741., 618., 716., 528., 624., 374., 591., 532., 496., 485.,
       741., 618., 717., 528., 624., 373., 592., 532., 496., 485., 741.,
       618., 716., 529., 623., 374., 591., 532., 496., 485., 741., 618.,
       716., 529., 623., 374., 591., 532., 496., 485., 741., 618., 716.,
       528., 624., 373., 592., 532., 496., 485., 741., 618., 716., 528.,
       624., 374., 591., 532., 496., 485., 741., 618., 716., 528., 624.,
       374., 591., 532., 496., 485., 741., 618., 716., 528., 624., 374.,
       591., 532., 496., 485., 741., 617., 716., 528., 624., 373., 592.,
       532., 496., 485., 741., 617., 716., 528., 624., 373., 592., 532.,
       496., 485., 741., 617., 716., 528., 624., 373., 592., 532., 496.,
       485., 741., 618., 717., 528., 624., 372., 592., 532., 496., 485.,
       741., 618., 716., 528., 624., 373., 592., 532., 496., 485., 741.,
       618., 716., 528., 624., 373., 592., 532., 496., 485., 741., 617.,
       716., 528., 624., 374., 591., 532., 496., 485., 741., 617., 716.,
       528., 624., 374., 591., 532., 496., 485., 741., 617., 716., 528.,
       624., 374., 591., 532., 496. ] }
   - { Contour:[ 931, 378, 931, 380, 932, 381, 932, 382, 935, 382, 936,
       381, 936, 380, 937, 379, 936, 378 ], Holes:[ 485., 741., 618.,
       716., 529., 624., 374., 591., 532., 496., 485., 741., 618., 716.,
       528., 624., 374., 591., 532., 496., 485., 741., 618., 716., 528.,
       624., 374., 591., 532., 496., 485., 741., 618., 716., 529., 624.,
       374., 591., 532., 497., 485., 741., 618., 716., 528., 624., 374.,
       591., 532., 496., 485., 741., 618., 717., 528., 624., 373., 592.,
       532., 496., 485., 741., 618., 716., 529., 623., 374., 591., 532.,
       496., 485., 741., 618., 716., 529., 623., 374., 591., 532., 496.,
       485., 741., 618., 716., 528., 624., 373., 592., 532., 496., 485.,
       741., 618., 716., 528., 624., 374., 591., 532., 496., 485., 741.,
       618., 716., 528., 624., 374., 591., 532., 496., 485., 741., 618.,
       716., 528., 624., 374., 591., 532., 496., 485., 741., 617., 716.,
       528., 624., 373., 592., 532., 496., 485., 741., 617., 716., 528.,
       624., 373., 592., 532., 496., 485., 741., 617., 716., 528., 624.,
       373., 592., 532., 496., 485., 741., 618., 717., 528., 624., 372.,
       592., 532., 496., 485., 741., 618., 716., 528., 624., 373., 592.,
