%YAML:1.0
AllObjects:
   - { Nr:1, Contour:[ 522, 270, 521, 271, 520, 271, 520, 272, 519, 273,
       519, 278, 518, 279, 518, 283, 517, 284, 517, 290, 516, 291, 516,
       296, 515, 297, 515, 302, 514, 303, 514, 308, 513, 309, 513, 313,
       512, 314, 512, 319, 511, 320, 511, 325, 510, 326, 510, 330, 509,
       331, 509, 336, 508, 337, 508, 342, 507, 343, 507, 347, 506, 348,
       506, 353, 505, 354, 505, 357, 504, 358, 504, 364, 503, 365, 503,
       368, 502, 369, 502, 373, 501, 374, 501, 378, 500, 379, 500, 384,
       499, 385, 499, 391, 498, 392, 498, 397, 497, 398, 497, 403, 496,
       404, 496, 409, 495, 410, 495, 413, 491, 417, 482, 417, 481, 416,
       481, 415, 482, 414, 484, 414, 481, 414, 479, 416, 475, 416, 474,
       415, 467, 415, 466, 414, 462, 414, 461, 413, 456, 413, 455, 412,
       451, 412, 450, 411, 444, 411, 443, 410, 436, 410, 435, 409, 429,
       409, 428, 408, 423, 408, 422, 407, 416, 407, 415, 406, 410, 406,
       409, 405, 402, 405, 401, 404, 395, 404, 394, 403, 388, 403, 387,
       402, 382, 402, 381, 401, 376, 401, 375, 400, 370, 400, 369, 399,
       363, 399, 362, 398, 357, 398, 356, 397, 350, 397, 349, 396, 345,
       396, 344, 395, 338, 395, 337, 394, 333, 394, 332, 393, 326, 393,
       325, 392, 321, 392, 320, 391, 315, 391, 314, 390, 310, 390, 309,
       389, 305, 389, 303, 391, 303, 397, 302, 398, 302, 404, 301, 405,
       301, 410, 300, 411, 300, 416, 299, 417, 299, 421, 298, 422, 298,
       428, 297, 429, 297, 434, 296, 435, 296, 439, 295, 440, 295, 445,
       294, 446, 294, 451, 293, 452, 293, 457, 292, 458, 292, 463, 291,
       464, 291, 468, 290, 469, 290, 473, 289, 474, 289, 480, 288, 481,
       288, 486, 287, 487, 287, 492, 286, 493, 286, 497, 285, 498, 285,
       502, 284, 503, 284, 509, 283, 510, 283, 515, 282, 516, 282, 520,
       281, 521, 281, 526, 280, 527, 280, 532, 279, 533, 279, 538, 278,
       539, 278, 544, 277, 545, 277, 550, 276, 551, 276, 556, 275, 557,
       275, 562, 274, 563, 274, 567, 273, 568, 273, 573, 272, 574, 272,
       579, 271, 580, 271, 585, 270, 586, 270, 591, 269, 592, 269, 596,
       268, 597, 268, 602, 267, 603, 267, 608, 266, 609, 266, 614, 265,
       615, 265, 620, 264, 621, 264, 626, 263, 627, 263, 632, 262, 633,
       262, 638, 261, 639, 261, 643, 260, 644, 260, 649, 259, 650, 259,
       655, 258, 656, 258, 661, 257, 662, 257, 666, 256, 667, 256, 672,
       255, 673, 255, 678, 254, 679, 254, 684, 253, 685, 253, 690, 252,
       691, 252, 696, 251, 697, 251, 702, 250, 703, 250, 707, 249, 708,
       249, 713, 248, 714, 248, 719, 247, 720, 247, 726, 250, 726, 251,
       727, 256, 727, 257, 728, 262, 728, 263, 729, 269, 729, 270, 730,
       275, 730, 276, 731, 282, 731, 283, 732, 289, 732, 290, 733, 295,
       733, 296, 734, 302, 734, 303, 735, 308, 735, 309, 736, 314, 736,
       315, 737, 321, 737, 322, 738, 327, 738, 328, 739, 334, 739, 335,
       740, 339, 740, 340, 741, 347, 741, 348, 742, 352, 742, 353, 743,
       359, 743, 360, 744, 365, 744, 366, 745, 371, 745, 372, 746, 377,
       746, 378, 747, 382, 747, 383, 748, 390, 748, 391, 749, 395, 749,
       396, 750, 403, 750, 404, 751, 409, 751, 410, 752, 415, 752, 416,
       753, 422, 753, 423, 754, 429, 754, 430, 755, 435, 755, 436, 756,
       440, 756, 441, 757, 447, 757, 448, 758, 453, 758, 454, 759, 460,
       759, 461, 760, 465, 760, 466, 761, 472, 761, 473, 762, 478, 762,
       479, 763, 484, 763, 485, 764, 491, 764, 492, 765, 497, 765, 498,
       766, 503, 766, 504, 767, 508, 767, 509, 768, 515, 768, 516, 769,
       522, 769, 523, 770, 528, 770, 529, 771, 535, 771, 536, 772, 541,
       772, 542, 773, 547, 773, 548, 774, 553, 774, 554, 775, 560, 775,
       561, 776, 565, 776, 566, 777, 572, 777, 573, 778, 579, 778, 580,
       779, 585, 779, 586, 780, 591, 780, 592, 781, 597, 781, 598, 782,
       603, 782, 604, 783, 609, 783, 610, 784, 614, 784, 615, 785, 620,
       785, 621, 786, 627, 786, 628, 787, 634, 787, 635, 788, 641, 788,
       642, 789, 646, 789, 647, 790, 651, 790, 652, 791, 653, 791, 654,
       790, 655, 790, 656, 789, 656, 787, 657, 786, 657, 782, 658, 781,
       658, 775, 659, 774, 659, 770, 660, 769, 660, 764, 661, 763, 661,
       760, 662, 759, 662, 754, 663, 753, 663, 749, 664, 748, 664, 743,
       665, 742, 665, 739, 666, 738, 666, 732, 667, 731, 667, 727, 668,
       726, 668, 721, 669, 720, 669, 716, 670, 715, 670, 710, 671, 709,
       671, 705, 672, 704, 672, 699, 673, 698, 673, 694, 674, 693, 674,
       687, 675, 686, 675, 682, 676, 681, 676, 677, 677, 676, 677, 672,
       678, 671, 678, 666, 679, 665, 679, 661, 680, 660, 680, 655, 681,
       654, 681, 649, 682, 648, 682, 644, 683, 643, 683, 638, 684, 637,
       684, 632, 685, 631, 685, 626, 686, 625, 686, 620, 687, 619, 687,
       614, 688, 613, 688, 609, 689, 608, 689, 603, 690, 602, 690, 597,
       691, 596, 691, 592, 692, 591, 692, 585, 693, 584, 693, 580, 694,
       579, 694, 574, 695, 573, 695, 567, 696, 566, 696, 562, 697, 561,
       697, 556, 698, 555, 698, 550, 699, 549, 699, 544, 700, 543, 700,
       538, 701, 537, 701, 532, 702, 531, 702, 526, 703, 525, 703, 521,
       704, 520, 704, 515, 705, 514, 705, 509, 706, 508, 706, 504, 707,
       503, 707, 498, 708, 497, 708, 492, 709, 491, 709, 486, 710, 485,
       710, 481, 711, 480, 711, 476, 712, 475, 712, 470, 713, 469, 713,
       464, 714, 463, 714, 458, 715, 457, 715, 453, 716, 452, 716, 448,
       717, 447, 717, 442, 718, 441, 718, 437, 719, 436, 719, 430, 720,
       429, 720, 425, 721, 424, 721, 419, 722, 418, 722, 412, 723, 411,
       723, 406, 724, 405, 724, 400, 725, 399, 725, 395, 726, 394, 726,
       389, 727, 388, 727, 384, 728, 383, 728, 378, 729, 377, 729, 372,
       730, 371, 730, 368, 731, 367, 731, 362, 732, 361, 732, 355, 733,
       354, 733, 350, 734, 349, 734, 344, 735, 343, 735, 338, 736, 337,
       736, 333, 737, 332, 737, 327, 738, 326, 738, 322, 739, 321, 739,
       317, 740, 316, 740, 310, 741, 309, 741, 303, 740, 302, 736, 302,
       735, 301, 730, 301, 729, 300, 723, 300, 722, 299, 716, 299, 715,
       298, 708, 298, 707, 297, 700, 297, 699, 296, 694, 296, 693, 295,
       687, 295, 686, 294, 681, 294, 680, 293, 672, 293, 671, 292, 666,
       292, 665, 291, 660, 291, 659, 290, 654, 290, 653, 289, 646, 289,
       645, 288, 640, 288, 639, 287, 633, 287, 632, 286, 628, 286, 627,
       285, 621, 285, 620, 284, 613, 284, 612, 283, 607, 283, 606, 282,
       600, 282, 599, 281, 594, 281, 593, 280, 587, 280, 586, 279, 581,
       279, 580, 278, 574, 278, 573, 277, 567, 277, 566, 276, 561, 276,
       560, 275, 554, 275, 553, 274, 549, 274, 548, 273, 541, 273, 540,
       272, 535, 272, 534, 271, 525, 271, 524, 270 ], Holes:[ 500, 600 ] }
