%YAML:1.0
AllObjects:
   - { Contour:[ 418, 365, 417, 366, 417, 368, 416, 369, 416, 371, 415,
       372, 415, 374, 414, 375, 414, 376, 413, 377, 413, 379, 412, 380,
       412, 382, 411, 383, 411, 385, 410, 386, 410, 388, 409, 389, 409,
       391, 408, 392, 408, 393, 407, 394, 407, 396, 406, 397, 406, 399,
       405, 400, 405, 401, 404, 402, 404, 404, 403, 405, 403, 407, 402,
       408, 402, 410, 401, 411, 401, 413, 400, 414, 400, 415, 399, 416,
       399, 418, 398, 419, 398, 421, 397, 422, 397, 424, 396, 425, 396,
       427, 395, 428, 395, 429, 394, 430, 394, 432, 393, 433, 393, 435,
       392, 436, 392, 437, 391, 438, 391, 440, 390, 441, 390, 443, 389,
       444, 389, 446, 388, 447, 388, 448, 387, 449, 387, 451, 386, 452,
       386, 454, 385, 455, 385, 456, 384, 457, 384, 459, 383, 460, 383,
       462, 382, 463, 382, 465, 381, 466, 381, 467, 380, 468, 380, 470,
       379, 471, 379, 473, 378, 474, 378, 476, 377, 477, 377, 479, 376,
       480, 376, 481, 375, 482, 375, 484, 374, 485, 374, 487, 373, 488,
       373, 489, 372, 490, 372, 492, 371, 493, 371, 495, 370, 496, 370,
       498, 369, 499, 369, 500, 368, 501, 368, 503, 367, 504, 367, 506,
       366, 507, 366, 509, 365, 510, 365, 511, 364, 512, 364, 514, 363,
       515, 363, 517, 362, 518, 362, 520, 361, 521, 361, 522, 360, 523,
       360, 525, 359, 526, 359, 528, 358, 529, 358, 531, 357, 532, 357,
       533, 356, 534, 356, 536, 355, 537, 355, 539, 354, 540, 354, 542,
       353, 543, 353, 544, 352, 545, 352, 547, 351, 548, 351, 550, 350,
       551, 350, 552, 349, 553, 349, 555, 348, 556, 348, 558, 347, 559,
       347, 560, 346, 561, 346, 563, 345, 564, 345, 566, 344, 567, 344,
       569, 343, 570, 343, 571, 342, 572, 342, 574, 341, 575, 341, 577,
       340, 578, 340, 580, 339, 581, 339, 582, 338, 583, 338, 584, 337,
       585, 337, 587, 336, 588, 336, 590, 335, 591, 335, 593, 334, 594,
       334, 596, 333, 597, 333, 599, 332, 600, 332, 601, 331, 602, 331,
       604, 330, 605, 330, 607, 329, 608, 329, 610, 328, 611, 328, 612,
       327, 613, 327, 615, 326, 616, 326, 618, 325, 619, 325, 621, 324,
       622, 324, 623, 323, 624, 323, 626, 322, 627, 322, 629, 321, 630,
       321, 631, 320, 632, 320, 634, 319, 635, 319, 636, 318, 637, 318,
       638, 317, 639, 317, 641, 316, 642, 316, 645, 315, 646, 315, 647,
       314, 648, 314, 650, 313, 651, 313, 653, 312, 654, 312, 656, 310,
       658, 310, 660, 309, 661, 309, 664, 308, 665, 308, 667, 307, 668,
       307, 669, 306, 670, 306, 672, 305, 673, 305, 675, 304, 676, 304,
       678, 303, 679, 303, 680, 302, 681, 302, 683, 301, 684, 301, 685,
       300, 686, 300, 688, 299, 689, 299, 692, 298, 693, 298, 694, 297,
       695, 297, 696, 296, 697, 296, 699, 295, 700, 295, 703, 294, 704,
       294, 706, 292, 708, 292, 711, 291, 712, 291, 714, 290, 715, 290,
       717, 289, 718, 289, 719, 288, 720, 288, 722, 287, 723, 287, 725,
       286, 726, 286, 728, 284, 730, 284, 732, 283, 733, 283, 735, 282,
       736, 282, 738, 281, 739, 281, 741, 280, 742, 280, 744, 279, 745,
       279, 747, 278, 748, 278, 749, 277, 750, 277, 752, 276, 753, 276,
       755, 275, 756, 275, 758, 274, 759, 274, 761, 273, 762, 273, 763,
       272, 764, 272, 766, 271, 767, 271, 769, 270, 770, 270, 771, 269,
       772, 269, 774, 268, 775, 268, 777, 267, 778, 267, 780, 266, 781,
       266, 782, 265, 783, 265, 785, 264, 786, 264, 788, 263, 789, 263,
       790, 262, 791, 262, 793, 261, 794, 261, 797, 260, 798, 260, 799,
       259, 800, 259, 802, 258, 803, 258, 805, 257, 806, 257, 808, 256,
       809, 256, 810, 255, 811, 255, 813, 254, 814, 254, 816, 253, 817,
       253, 819, 252, 820, 252, 822, 251, 823, 251, 826, 252, 827, 253,
       827, 254, 828, 256, 828, 257, 829, 259, 829, 260, 830, 262, 830,
       263, 831, 265, 831, 266, 832, 268, 832, 269, 833, 271, 833, 272,
       834, 273, 834, 274, 835, 276, 835, 277, 836, 278, 836, 279, 837,
       281, 837, 282, 838, 285, 838, 286, 839, 287, 839, 288, 840, 290,
       840, 291, 841, 293, 841, 294, 842, 296, 842, 297, 843, 298, 843,
       299, 844, 300, 844, 301, 845, 303, 845, 304, 846, 306, 846, 307,
       847, 309, 847, 310, 848, 312, 848, 313, 849, 315, 849, 316, 850,
       317, 850, 318, 851, 320, 851, 321, 852, 323, 852, 324, 853, 326,
       853, 327, 854, 329, 854, 330, 855, 331, 855, 332, 856, 333, 856,
       334, 857, 337, 857, 338, 858, 339, 858, 340, 859, 342, 859, 343,
       860, 345, 860, 346, 861, 348, 861, 349, 862, 350, 862, 351, 863,
       353, 863, 354, 864, 356, 864, 357, 865, 359, 865, 360, 866, 361,
       866, 362, 867, 364, 867, 365, 868, 367, 868, 368, 869, 370, 869,
       371, 870, 373, 870, 374, 871, 375, 871, 376, 872, 379, 872, 380,
       873, 382, 873, 383, 874, 384, 874, 385, 875, 387, 875, 388, 876,
       390, 876, 392, 878, 395, 878, 396, 879, 398, 879, 399, 880, 401,
       880, 402, 881, 403, 881, 404, 882, 406, 882, 407, 883, 408, 883,
       409, 884, 411, 884, 412, 885, 414, 885, 415, 886, 417, 886, 418,
       887, 420, 887, 421, 888, 423, 888, 424, 889, 426, 889, 427, 890,
       428, 890, 429, 891, 431, 891, 432, 892, 433, 892, 434, 893, 436,
       893, 437, 894, 439, 894, 440, 895, 442, 895, 443, 896, 445, 896,
       446, 897, 447, 897, 448, 898, 449, 898, 450, 899, 452, 899, 453,
       900, 454, 900, 455, 901, 458, 901, 459, 902, 461, 902, 462, 903,
       464, 903, 465, 904, 467, 904, 468, 905, 469, 905, 470, 906, 473,
       906, 474, 907, 475, 907, 476, 908, 478, 908, 479, 909, 481, 909,
       482, 910, 484, 910, 485, 911, 486, 911, 487, 912, 489, 912, 490,
       913, 492, 913, 493, 914, 494, 914, 495, 915, 497, 915, 498, 916,
       500, 916, 501, 917, 503, 917, 504, 918, 506, 918, 507, 919, 508,
       919, 509, 920, 511, 920, 512, 921, 514, 921, 515, 922, 517, 922,
       518, 923, 520, 923, 521, 924, 523, 924, 524, 925, 525, 925, 526,
       926, 527, 926, 528, 927, 530, 927, 531, 928, 533, 928, 534, 929,
       536, 929, 537, 930, 539, 930, 540, 931, 542, 931, 543, 932, 544,
       932, 545, 933, 547, 933, 548, 934, 550, 934, 551, 935, 553, 935,
       554, 936, 555, 936, 556, 937, 558, 937, 559, 938, 560, 938, 561,
       939, 563, 939, 564, 940, 566, 940, 567, 941, 569, 941, 570, 942,
       572, 942, 573, 943, 574, 943, 575, 944, 577, 944, 578, 945, 580,
       945, 581, 946, 582, 946, 583, 947, 585, 947, 586, 948, 588, 948,
       589, 949, 590, 949, 591, 950, 593, 950, 594, 951, 596, 951, 597,
       952, 599, 952, 600, 953, 601, 953, 602, 954, 604, 954, 605, 955,
       607, 955, 608, 956, 610, 956, 611, 957, 612, 957, 613, 958, 615,
       958, 616, 959, 618, 959, 619, 960, 621, 960, 622, 961, 624, 961,
       625, 962, 626, 962, 627, 963, 629, 963, 630, 964, 632, 964, 633,
       965, 635, 965, 636, 966, 640, 966, 641, 965, 641, 964, 642, 963,
       642, 962, 643, 961, 643, 958, 644, 957, 644, 956, 645, 955, 645,
       954, 646, 953, 646, 951, 647, 950, 647, 948, 648, 947, 648, 945,
       649, 944, 649, 943, 650, 942, 650, 940, 651, 939, 651, 938, 652,
       937, 652, 935, 653, 934, 653, 932, 654, 931, 654, 930, 655, 929,
       655, 927, 656, 926, 656, 925, 657, 924, 657, 922, 658, 921, 658,
       919, 659, 918, 659, 916, 660, 915, 660, 913, 661, 912, 661, 911,
       662, 910, 662, 908, 663, 907, 663, 905, 664, 904, 664, 903, 665,
       902, 665, 900, 666, 899, 666, 897, 667, 896, 667, 894, 668, 893,
       668, 892, 669, 891, 669, 889, 670, 888, 670, 886, 671, 885, 671,
       884, 672, 883, 672, 881, 673, 880, 673, 878, 674, 877, 674, 876,
       675, 875, 675, 873, 676, 872, 676, 871, 677, 870, 677, 868, 678,
       867, 678, 865, 679, 864, 679, 862, 680, 861, 680, 859, 681, 858,
       681, 856, 682, 855, 682, 854, 683, 853, 683, 851, 684, 850, 684,
       848, 685, 847, 685, 846, 686, 845, 686, 843, 687, 842, 687, 840,
       688, 839, 688, 837, 689, 836, 689, 834, 690, 833, 690, 832, 691,
       831, 691, 829, 692, 828, 692, 826, 693, 825, 693, 824, 694, 823,
